$ANSIBLE_VAULT;1.1;AES256
36613438373831643962366434323634636566653734396339633961323963353836653733366161
3538383730663138306235323838313439643863323832620a376330656264653431333762663538
31353638336535643230616266303236376232643530383533336435656133363035666632303133
3334343433376266320a343766663533306664303463333839313438613265393533313031653663
61373531646236653832303431656233643339623263323135646331643663626238643435383066
33376661623131663162613161306363656666376662383266393661336461316565613238666561
35366634376231656663393066616266363765373464306231316466383632313338366662386235
35623630363862313466323933366536333564363165376464636631653634366437626663353831
63646565333439303137643530336162653936653737326362306435373961656462623936653733
31353565663133396434633865633535356530363634623063663733613035313362333964613938
38333933393864313139653531666561646665306533636237656232376533643934626364383134
66366430336265336334633234633039636361393034633935346437383165316366353335616636
30326561623561626264373362383635623166386261616534343038646637653332626536343062
30313235356264303662646162653563653237323863303063343763336264356165383964313963
32303461333032393135303563306234313535366236386430643965623833643639306264316637
61363333613662326330313361353238363233653166366131336433623032326536356330316431
62393238623233653131303737383237636437343432623532343061636236336561356534663830
65343163636365353962623061666530326632633365316432616430666566666631633338376162
37353234636165303237626432303138353230323937663265633062613633373436356331636431
35623132663230356338303930326138653337613033343037373564633136643266363464356363
38653262663061396263666537663861656265383235343866626337333262303738396666323738
62343030613162306438653964663332626665366239313764636638613161653034353266396562
30633966386339333637336132353833383766623139393939316634386264666637653536326436
66626465383038323335653535346130373934376532333038643234643339373461376166626636
3331
